1
likes
18

917
942
992
1010
1111
1113
5466
5472
5473
5492
5497
526
553
3179
5499
5502
5506
5515

dislikes
15

872
879
902
907
937
958
980
1002
1044
5471
5512
512
5472
5503
5514

plays
42

526 1
606 1
901 1
942 1
1007 1
1030 1
1038 1
1097 4
1101 2
3179 3
3861 1
4159 2
4675 1
5001 1
5496 1
5497 5
5499 1
5502 1
5503 1
5505 2
5506 6
5507 2
5509 2
5510 1
5512 6
5514 5
5515 8
5516 17
5517 1
582 1
872 1
879 1
886 2
917 1
937 5
958 1
992 1
1002 1
1012 2
1044 10
1082 1
5365 1

2
likes
0


dislikes
0


plays
14

8 1
311 1
350 1
506 1
508 1
671 1
784 1
872 1
1035 1
1078 1
1093 1
4386 1
4458 1
4819 1

3
likes
0


dislikes
1

1115

plays
1

1115 1

5
likes
0


dislikes
0


plays
6

334 9
809 1
865 1
936 1
1007 1
1021 1

7
likes
0


dislikes
0


plays
132

1 3
17 1
27 1
64 1
254 1
261 1
263 1
265 1
277 1
278 1
290 1
291 1
292 2
298 2
315 1
324 1
339 1
354 1
355 1
360 1
362 1
382 1
385 1
390 1
407 1
415 1
418 1
433 1
443 1
449 1
452 1
453 1
454 2
478 1
481 1
482 1
492 1
501 1
506 1
508 1
532 1
537 1
544 1
547 1
593 1
599 1
612 1
615 1
640 1
648 1
660 1
671 1
694 1
714 1
738 1
752 1
755 1
759 1
776 1
782 1
790 1
791 1
799 1
803 1
805 1
818 1
844 1
848 1
862 1
877 1
889 1
893 1
894 1
905 1
918 1
931 1
945 1
970 1
977 1
979 1
1005 1
1010 1
1015 1
1025 1
1067 1
1069 1
1076 1
1082 1
1085 1
1094 1
1103 1
1110 1
3667 1
3707 1
3726 1
3768 1
3783 1
3851 1
3878 1
3979 1
3996 1
4056 1
4197 1
4355 1
4364 1
4427 1
4457 1
4493 1
4591 1
4610 1
4674 1
4800 1
4876 1
4926 1
4929 1
4950 1
4958 2
4962 1
4978 1
4987 1
4999 1
5065 1
5085 1
5099 1
5178 1
5267 1
5300 1
5321 1
5374 1
5406 1
5427 1
5444 1

8
likes
0


dislikes
0


plays
19

7 1
252 1
261 1
293 1
477 1
537 1
658 1
754 1
799 1
1048 1
1053 1
1108 1
1113 1
4227 1
4674 1
4722 1
5223 1
5395 1
5453 1

13
likes
0


dislikes
0


plays
1

872 1

16
likes
0


dislikes
0


plays
17

325 1
388 1
577 1
650 1
694 1
911 1
971 1
1003 1
1068 1
1089 1
1096 1
3925 1
3968 1
4308 1
4359 1
4882 1
5254 1

17
likes
0


dislikes
0


plays
87

6 1
8 1
12 1
15 2
281 1
322 1
332 2
406 1
459 1
476 1
505 1
509 1
530 1
556 1
560 1
565 1
596 1
609 1
633 1
643 1
681 1
728 1
737 1
773 1
774 1
775 1
778 1
787 1
797 1
807 1
808 1
812 1
814 1
821 1
822 1
849 1
851 1
869 1
891 1
901 1
909 1
913 2
914 1
934 1
936 1
948 1
954 1
962 1
973 1
988 1
1034 1
1040 1
1042 1
1072 1
1084 1
1117 1
3178 1
3712 1
3745 1
3801 1
3817 1
3830 1
3893 1
3925 1
4004 1
4049 1
4240 1
4248 1
4294 2
4319 1
4359 1
4387 1
4597 1
4624 1
4679 1
4710 1
4774 1
4790 1
4819 1
4845 1
4856 1
4952 1
5225 1
5268 1
5312 1
5367 1
5465 1

20
likes
0


dislikes
0


plays
1

993 1

21
likes
0


dislikes
0


plays
40

512 1
816 1
865 1
868 1
902 1
912 1
915 1
938 3
978 1
985 1
993 1
1002 1
1005 1
1010 1
1032 1
1038 1
1065 1
1096 1
1104 1
1110 1
3893 1
4143 1
4214 1
4574 1
4617 1
5240 1
5466 1
5497 1
5508 2
253 1
455 1
877 1
879 1
994 1
1087 1
4259 1
5413 1
5499 1
5513 1
5514 1

22
likes
0


dislikes
0


plays
123

7 1
10 1
29 1
241 1
243 2
252 1
257 1
258 1
262 1
266 1
276 1
282 1
293 1
300 1
314 1
328 2
330 1
331 2
337 2
341 1
345 1
347 1
349 1
364 1
386 4
402 1
419 1
426 1
429 1
431 1
433 1
438 1
457 1
461 1
472 1
480 1
487 1
490 2
497 1
498 1
504 2
514 2
535 1
536 1
557 1
562 1
576 1
578 1
579 1
580 1
598 1
605 1
623 1
644 1
646 1
653 1
662 1
669 1
706 1
709 1
710 1
740 1
741 1
746 1
754 1
762 1
793 1
795 1
840 1
846 1
847 1
858 1
861 1
864 1
880 2
890 1
928 1
935 1
968 1
972 1
974 1
975 1
978 1
987 2
996 1
1012 2
1014 1
1045 1
1054 1
1075 1
1087 1
3323 1
3555 1
3778 1
3786 1
3980 1
4075 1
4091 1
4143 1
4159 1
4162 1
4336 1
4342 1
4382 1
4411 1
4513 1
4524 1
4542 1
4574 1
4579 1
4581 1
4627 1
4639 1
4703 1
4727 1
4758 1
4861 1
4980 1
5144 1
5148 1
5311 1
5423 1
5441 1

24
likes
0


dislikes
0


plays
17

277 1
359 1
428 1
488 1
572 1
618 1
679 1
692 1
734 1
787 1
852 1
881 1
1013 1
1100 1
4095 1
4861 1
5353 1

28
likes
0


dislikes
0


plays
4

937 1
958 1
1063 1
1071 1

29
likes
0


dislikes
0


plays
53

244 1
255 1
258 1
293 1
326 1
332 1
334 1
353 1
384 1
393 1
401 1
414 1
424 1
443 1
596 1
600 1
608 1
636 1
659 1
662 1
699 1
721 1
753 1
778 1
785 1
804 1
813 1
818 1
846 1
868 1
869 1
899 1
909 1
925 1
956 1
964 1
991 1
996 1
1017 1
1063 1
1084 1
1105 1
3426 1
4250 1
4410 1
4555 1
4626 1
4845 1
5029 1
5143 1
5222 1
5434 1
5453 1

30
likes
1

1002

dislikes
1

1002

plays
5

325 1
1002 1
1007 2
1010 1
1112 1

31
likes
0


dislikes
0


plays
73

250 1
266 1
276 1
294 1
344 1
349 1
351 1
384 1
410 1
422 1
444 1
457 1
503 1
519 1
548 1
583 1
587 1
594 1
641 1
661 1
676 1
700 1
718 1
721 1
784 1
808 1
827 1
836 1
850 1
874 1
886 1
901 1
902 1
912 1
914 1
915 1
934 1
947 1
971 1
985 1
999 1
1004 1
1031 1
1033 1
1057 1
3323 1
3673 1
3783 1
4113 1
4131 1
4227 1
4348 1
4431 1
4439 1
4583 1
4635 1
4771 1
4845 1
4852 1
4894 1
4986 1
4989 1
4996 1
5075 1
5144 1
5190 1
5247 1
5321 1
5364 1
5446 1
5478 1
5489 1
5503 1

32
likes
0


dislikes
0


plays
2

324 1
1016 1

33
likes
0


dislikes
0


plays
1

992 1

34
likes
0


dislikes
0


plays
2

391 1
834 1

37
likes
0


dislikes
0


plays
136

14 1
63 1
242 1
262 1
265 1
277 1
280 3
293 82
318 1
322 3
337 2
344 1
427 1
438 1
447 1
455 1
467 1
486 1
491 1
493 1
499 1
506 1
511 3
518 1
519 1
528 1
530 1
536 1
552 1
581 3
597 1
600 1
601 1
606 1
622 3
634 1
649 1
658 1
683 3
698 2
719 3
734 1
757 1
772 1
774 5
818 1
843 1
846 1
848 1
850 3
860 1
865 2
866 3
872 1
876 1
879 1
882 1
902 1
904 3
909 1
912 1
915 1
920 1
932 4
935 1
938 1
939 1
950 3
953 1
959 3
963 1
971 1
974 5
979 1
983 1
987 6
992 1
997 4
999 1
1006 4
1008 4
1025 1
1028 1
1030 3
1038 1
1039 1
1040 1
1042 1
1048 1
1052 1
1054 1
1062 1
1063 1
1064 1
1069 1
1070 1
1075 1
1080 1
1081 1
1085 1
1087 2
1094 1
1101 1
1104 1
1116 1
3854 1
3913 1
3981 1
4354 1
4425 1
4489 1
4598 1
4625 1
4626 1
4674 1
4675 1
4717 1
4722 1
4906 1
4961 1
4986 1
5119 1
5225 1
5227 1
5240 1
5322 1
5397 1
5428 1
5446 1
5455 1
5466 1
5493 1
5497 1
5498 1
5505 1
5509 1

39
likes
0


dislikes
0


plays
2

530 1
978 1

45
likes
0


dislikes
0


plays
2

868 2
886 1

46
likes
0


dislikes
0


plays
20

465 1
610 2
663 1
752 1
761 1
771 1
797 1
867 1
886 1
891 1
1039 1
1071 1
1075 1
1093 1
3893 1
4396 1
4781 1
5235 1
5241 1
5481 1

48
likes
0


dislikes
0


plays
25

17 1
252 1
257 1
293 1
843 1
850 1
879 1
882 1
915 1
932 2
934 1
937 1
996 1
1026 1
1037 1
1044 1
1082 1
1087 1
1104 2
1112 1
4342 1
4355 1
4587 1
4994 1
5498 1

49
likes
0


dislikes
0


plays
26

255 1
850 1
863 1
878 1
902 1
936 1
937 1
958 1
996 1
1011 1
1044 1
1045 1
1065 1
1080 1
3762 1
4207 1
4210 1
4272 1
4425 1
4882 1
5374 1
5446 1
5460 1
5475 2
5508 1
5510 1

54
likes
0


dislikes
0


plays
9

6 1
31 3
252 1
325 1
363 1
386 1
452 2
467 1
505 2

56
likes
0


dislikes
0


plays
38

355 1
424 1
434 1
436 1
537 1
607 1
634 1
685 2
688 1
727 1
740 1
779 1
782 1
785 1
788 1
813 1
847 1
887 1
914 1
940 1
1011 1
1046 1
3329 1
4002 1
4259 1
4451 1
4573 1
4741 1
4762 1
5099 2
5192 1
5256 2
5309 1
5310 1
5427 1
5506 1
5507 2
5508 1

57
likes
0


dislikes
0


plays
1

482 1

58
likes
1

387

dislikes
0


plays
5

28 1
254 2
387 2
827 1
1000 1

59
likes
0


dislikes
0


plays
2

1008 1
1065 1

61
likes
0


dislikes
0


plays
3

5 1
901 1
996 1

62
likes
0


dislikes
0


plays
3

868 1
872 2
937 1

64
likes
0


dislikes
1

4541

plays
3

5322 1
5474 1
4541 1

65
likes
0


dislikes
0


plays
2

6 1
423 1

